# number indicates number of vertices along path
# PLEASE DO NOT MODIFY THIS FILE
274
760706748
3178363987
4422378712
760706509
760706508
3257627657
3257627656
3257627655
760706507
35719130
760706506
35719129
760706505
760706504
760706503
760706502
760706501
35719128
760706500
760706499
760706498
251225766
760706497
35719127
760706496
760706495
251225765
760705995
251225764
760705992
35719126
251225761
760705985
251225760
760705984
760705983
35719125
760705982
251225763
3257627654
760705979
760705977
251225762
760705974
35719124
760705970
760705968
760705967
1329086501
35719123
35719122
760705966
760705964
699550674
760705962
35719121
760705960
760705958
760705957
1329086484
35719120
1329086468
760705954
4969676696
760705952
760705950
35719119
828422577
35719115
35719114
760702320
760702317
35719113
760702315
760702313
760702311
35719112
35719111
760874901
35719110
760874929
35719109
760874908
444157967
53054999
4333613294
309013415
760874887
53055000
4333613084
56819228
4333613081
53058932
4333613080
2252623318
4333613069
53020994
267631963
267631954
4333613059
53058934
394216371
267631967
696215423
53058936
4333613055
394180802
1419660772
267632093
267632092
4330828811
267632091
267632090
53092735
1419661068
4330828813
53111879
4330828815
1419660793
53111880
394180763
394180764
4330828814
53081908
267632051
843009175
394180759
267632052
53082163
394180756
57059663
394180757
394180758
57059669
4330828790
53154694
4330828685
394180751
4330828682
53082603
4330828675
394180597
267632056
2844599474
53152991
2844599473
394180418
4330828671
4330828668
4330828666
4330828664
4330828662
2844485696
394180316
267632101
4330828663
53060402
4330828659
1214221907
1214221837
53088582
394179841
394179843
1214221905
394179845
1214221877
53088583
1214221916
53088585
1214221839
514117760
53047456
1214221835
514117761
3964998892
1214221880
1214221913
1214221851
53031582
1214221859
394179290
1214221845
1214221846
267632138
1214221898
1214221861
267632134
1214221870
1214221893
5106682771
5106682770
5106682769
5106682768
5106682767
1214221894
5106682764
5106682765
5106682766
394179289
5106682761
92773135
92773129
267632173
1214221891
92760834
661785284
92760821
661785285
661785287
53086341
267632181
267632185
661784799
661784800
53086342
3965001458
661782144
267632225
92760811
661782145
92760803
661782146
267632223
661782147
92760791
661782148
267632221
661782149
53086343
53049943
267632222
661780379
661780377
92760776
92760787
661780374
661780371
53049941
661780356
661780352
53049939
432426363
432426362
432426361
432426360
432426359
53100297
4676905799
4676905798
92721207
53066296
53054876
92721251
92721262
92721268
53041860
92721276
92721288
92721300
3386879841
92721307
53041859
92721195
3386879840
3386879839
3386879838
92721189
3386879837
3386879836
3386879835
53041857
92721175
92721179
92721185
19
53076845
53076852
58443169
4226524585
53082187
4260281369
4260281370
53058046
240404706
4225207008
53050596
4225207004
4621431267
53082185
4225207003
4225206998
53047322
4225206995
53047324
4
266417451
266417450
53086032
265520332
5
2345064433
2345064429
2345064428
35718832
2345064427
3
4918942058
53117466
53107859
16
3366723735
4923455146
1717481154
1237076021
283261593
1490111982
4175858562
4559569714
283261544
2817627467
1490417526
4559569708
4923455376
53073985
4559569702
4175858561
16
4235206812
53130811
4235206807
53043845
283261510
4235206800
283261515
4168260357
283261516
4235205784
2322645922
53046610
53092794
53052373
2820207938
53052374
2
661803731
265519105
362
53101517
245118003
245118001
245118000
53101516
53086069
370465475
370465476
370465477
370465478
53067432
245117711
245117712
53086071
322740546
322740547
683050155
322740548
683050156
53086072
683050157
322740549
322740550
322740551
53086074
245118228
245118387
245118288
53059175
305541202
683050115
53037306
305541201
305541200
305541199
305541197
305541196
305541195
305541194
53093375
53093372
305541257
305541256
305541254
4696423981
305541253
305541252
53093371
4696423980
305541251
305541250
305541249
697180318
697180317
305541248
697180316
53059189
1232886740
53059166
697180315
60743081
697180314
60743080
697180313
53093369
697180312
697180311
432431191
432431190
697180310
432431189
697180309
53093366
697180308
432431187
697180307
53093365
697180306
697180305
53085387
53078467
4168184294
53060468
697180299
53060467
53060466
206140801
686202894
53113947
247703644
247703643
247703642
53111728
53113946
53076250
260707354
2834093713
53076247
53076246
4671608605
53076245
4671608602
53076244
4671608604
687156431
53075606
4671608607
4168192169
201496240
206093625
311881848
4671608609
4671608612
53147548
247141146
899953916
4671608614
247141147
4671608616
53038057
3695372188
899950046
2932394317
2932394321
2932394322
2932394300
53134475
957600270
53112641
694066101
694066100
694066099
694066098
694066097
694066096
694066094
694066093
694066092
694066091
694066090
694066089
694066079
694066088
694066087
4168192172
694066085
694066084
694066083
694066082
1003274388
4168192174
694066185
694066184
694066156
4168192176
694066183
694066182
694066153
4168192178
694066181
694066149
694066180
694066179
694066178
694066177
694066176
694066163
4169996303
694066160
4169996304
694066175
694066174
694066172
694066171
4169996306
3127028848
694066169
694066168
53099316
506458653
302801824
2430670764
506458647
302801863
212465293
3969482339
3969482340
212465291
682403904
302801977
506459075
4918915970
4918915965
3969482338
95164561
506459086
271855224
92984207
53045882
5060959012
5060959013
4169996312
4169996311
1203807993
280431894
4169996314
53079228
266434152
1237053620
53126702
266434139
2352069432
4169996317
1237053577
53092590
1237053611
1475224966
95323788
2375208693
1237053560
95323772
1237053613
95323768
95323761
1237053736
1237053724
2240045668
53112624
2240045667
430992572
53090197
430992573
240469672
53085437
53085434
1237053582
92951507
53085433
1237053638
92951634
53041552
4559569769
53085432
4559569771
53085430
53085428
53085427
1994957632
302803293
53050644
4235206796
53050642
4235206798
4235206794
53126424
4235206793
4235206789
53077537
4235205788
53066471
53056112
4235205783
53126421
1237062765
53126420
283261522
1237062769
283261516
4168260357
283261515
4235206800
283261510
4235206806
4168260359
283261580
4235206819
1612672431
283261579
2644106909
4213425298
2644106915
4213425301
243673080
4213425304
53097108
4213425308
53117370
4213425310
4168227716
669535463
553994860
687179394
448416526
5035371477
4168227715
53055544
2421788591
53039509
4218967477
4927340035
4218967474
53039510
4218967475
4168260371
53131108
4218967480
4168260373
4927340027
3701567472
4927335918
4927340067
4168260375
4218967483
53108745
4218967486
4168260378
3701830693
3701831183
3701829993
4218967694
4218967695
53093979
4218967698
53100802
53079160
53131106
4218967716
4168148255
4218967717
53085634
4218967720
4168148257
53115063
4168148261
4218827190
53020923
260577520
4168148262
4218827204
53029741
260577515
260577513
4218827218
53029740
4218827219
2215072681
4218827216
53063568
4218827217
2215072680
2215072687
4218827239
53077797
4218827242
2215072690
1981316304
1981316228
53077793
435049772
435049777
435049775
435049770